Random Lists
Words
Phone Numbers
Custom List
Roll Dice
Letters
SEARCH
MENU

 
Random Numbers:
RERUN OPTIONS
3513
3490
5037
5053
7172
915
7388
6419
2662
441
1295
7749
1243
4779
7073
7465
1118
9618
572
9489
6578
5992
4609
7969
7535
2363
4321
4963
7959
3782
8347
8628
7103
1262
3003
181
6507
3863
2212
2705
23
9177
2218
6262
4348
8656
8891
1626
1417
6900
9206
9793
580
6187
7190
9394
4707
4879
3644
6536
4297
4421
5412
9237
4158
1701
7753
1526
7041
3165
6992
2322
9543
9105
2605
3509
8742
5586
9018
6996
2703
510
8546
3664
4486
6086
1483
1746
917
4042
315
7822
9109
4579
4070
3055
9897
8479
197
5834
4074
3487
2102
2644
70
1441
7980
4333
8980
4580
1157
4510
9854
2915
7905
9721
3061
7924
3371
6990
1934
186
3251
6877
4914
3114
4224
7365
9880
3399
7210
7392
3015
2832
1666
6810
7511
4632
1648
426
8071
1856
4041
3135
9070
1071
8636
8965
8760
1034
9089
327
8514
4274
9361
2108
5794
9827
6511
8160
7088
2815
7350
782
640
4208
7276
8390
28
9774
6704
9523
2888
9455
1821
6197
7390
1811
3014
1348
8241
5394
2712
6667
4021
5109
4355
3662
4245
2973
4946
2805
4471
6985
2903
5838
6157
4818
9990
5141
4391
9050
5643
9636
4647
9649
8404
9595
9577
5185
6603
7985
8495
7429
7202
8154
2895
2819
8423
4656
8088
4797
8690
3692
49
579
7998
5552
5326
9544
180
6750
9875
5336
1314
1559
9469
8459
1055
6611
6674
3339
2379
4069
4232
1400
9594
8838
6089
2094
6269
3566
3720
9481
8224
4029
7029
5986
8879
7617
5385
3589
9393
6406
7357
6352
7596
1221
3167
4409
961
7165
8020
8165
6975
6392
9041
671
8876
9552
5171
1800
2240
2083
806
9802
4435
6018
8303
5793
2850
1491
5737
3422
4039
1624
6498
7670
7946
4005
7323
3986
7552
7056
1535
6284
1896
9341
4994
387
228
153
5711
4794
635
1361
7981
8671
9652
1766
2045
208
4111
1242
7902
477
9082
114
9439
8203
5800
8804
525
6436
7220
3823
2939
5907
4233
5409
916
8298
8923
4406
4194
301
9735
3005
2764
9382
9717
5821
4401
8847
2285
7748
8157
9035
6932
1012
8758
6494
9584
8509
2852
7967
7085
9113
5941
8783
816
3236
9085
6212
9141
5563
8981
7260
6056
7013
5203
5495
7003
5967
2099
5042
3202
6048
392
1898
5347
5786
2999
4870
7077
6771
6618
5457
3373
9927
4760
8334
6435
8166
1147
3538
1282
9891
5314
1877
4832
9317
7005
155
2950
2721
3287
3451
8898
6626
8717
9103
5034
3937
6185
2661
2032
4336
8595
5152
3534
9916
4638
8385
6637
4860
4019
1330
8528
7415
3103
6468
5508
6403
7486
3040
6646
7781
5762
8692
4400
6178
9926
5050
9602
143
5111
8070
5588
1304
1144
499
2144
5507
2896
9212
8117
4003
7400
1689
6699
5167
4056
8641
6656
7448
1606
7951
1794
9247
2751
3757
5335
5113
8609
4080
8826
1744
4631
8069
1322
403
1246
7422
8906
7339
9072
8408
8429
2977
4903
6442
8255
16
87
9668
7456
515
2087
4292
2257
1865
2266
1403
5483
2742
6700
6016
5871
6692
3136
6554
6102
4495
8817
6609
1433
4057
537
9094
976
842
8190
632
2864
2486
4544
2000
5922
1072
4858
5043
8915
4700
2996
3942
6402
8489
4031
507
6066
9861
4964
5843
3646
6179
7586
465
2165
7379
8667
6697
9478
3496
6517
9380
1590
5406
9437
4227
6645
4733
9384
4619
1352
263
8058
2248
7371
2747
2538
4091
3070
6471
7060
9134
8971
7976
1846
2856
2253
5425
1028
5198
4687
1100
8452
9428
8601
9889
4752
5811
892
3955
1331
5630
9944
3223
3565
4546
5386
9025
5243
4527
581
9122
5969
7293
6443
9537
6129
4901
3818
8928
1961
3183
4843
619
2051
2341
1468
7270
1993
2213
5575
2945
4479
237
6450
6765
3979
2067
2217
8445
8297
689
3992
9157
366
3774
8376
7069
1010
1115
4809
1216
6196
637
3768
6156
290
4995
7279
7618
9801
1481
3231
4034
5776
4909
6756
8253
1840
2208
7932
3327
1863
2097
8095
9562
5735
1372
1973
7542
2688
6689
885
7331
7416
9633
6936
4433
3238
5518
5032
2947
5154
1499
1809
1317
4143
8476
2305
3108
6823
5947
8099
3545
6883
5086
8679
6492
1220
4538
2580
9695
27
7875
4436
6431
8774
4488
794
7659
6549
1686
7524
8036
1226
6365
9016
1225
3909
9568
7844
7950
8500
1602
1056
2073
7971
5701
2411
5627
4667
9065
9919
9349
6081
3262
1294
6044
9396
3901
5832
8120
7881
4229
4009
74
898
878
8341
6176
2355
2877
1103
1711
9960
9778
2873
990
975
7754
8811
804
1541
1109
4657
792
2071
6380
1017
9585
5654
9004
8940
8833
5036
5509
748
377
8245
3592
8043
1719
526
8939
4180
7510
7953
90
2755
2765
808
3980
8958
3123
239
8523
6799
3084
4604
6942
5686
9490
3887
3163
8812
2846
3866
5814
1588
5787
3617
2795
7395
815
5655
307
9971
4529
582
5535
5070
9548
5963
8358
2003
8029
94
2169
821
1379
200
2258
1456
3032
2548
6661
8065
4840
3145
5194
471
4211
1299
6915
3510
9792
6825
1594
9020
4571
7472
4404
6861
2796
4866
9940
5430
2205
3421
9418
1164
213
8513
6949
6829
5576
1120
3933
449
2425
3581
8520
5516
2504
2946
9421
1762
1918
4812
3480
2761
6627
8305
890
9840
9567
5546
6345
4427
1816
3832
9747
9632
4337
8616
7718
2361
8597
8195
5256
3038
6324
6973
9370
3197
9401
3423
9902
682
4761
2738
6957
9616
3936
7031
4045
3289
6813
5557
4271
96
314
8339
5097
1677
2011
1658
406
5327
739
3137
2381
1936
7040
698
4515
1779
8882
8033
1797
5151
7297
2357
7592
2653
3586
4082
340
6180
3260
4193
1098
2153
9819
5984
6675
4065
954
4673
6981
5920
7528
6298
7014
5682
1857
4699
762
9966
9933
9192
1289
2955
1957
1839
1893
8369
7890
7579
8959
7319
769
5268
8688
964
2498
6361
4424
2984
2810
2674
2519
5580
112
6454
6143
8869
9405
8129
3050
1927
3925
8448
66
3430
7500
7888
9250
7387
9328
8919
8108
6237
9031
8215
5789
4980
8831
8979
8892
7229
8023
1591
8534
5477
439
7408
4128
2154
8336
5437
2883
9282
6152
9621
2954
8441
9202
5813
759
6868
5254
1409
7883
9123
393
6939
9351
4689
705
246
7806
5772
8956
9536
1761
9413
4310
3466
4028
8795
1808
3671
5312
8246
4290
1199
2937
8147
1249
8464
2343
2568
8724
9970
3645
6370
2828
9158
5572
6192
3824
8837
7134
7711
458
2801
4868
5875
5298
3008
9473
3081
5375
2070
7505
194
6888
2046
3206
3733
8442
4102
1622
4299
300
7868
5865
4753
1965
7059
4497
5755
54
4690
7927
9993
5658
5338
3805
4948
8197
9704
9591
6970
9391
938
7509
1849
5981
7245
7426
5817
1477
9044
5124
175
966
3348
8137
9807
1076
6359
596
5210
8570
5596
5260
4417
5523
8621
5547
6758
5910
3142
1953
60
4792
9271
914
5636
1474
8266
2319
4472
8451
4939
145
9074
7536
394
7097
5600
3345
1237
7720
6078
6408
1670
3391
115
3211
6481
249
9929
569
9751
7870
9312
9148
9746
2344
9458
3549
5584
7620
9054
3077
4915
6335
4516
5589
5281
1334
655
187
3397
4243
7734
3097
446
4311
9874
3409
4173
9911
1723
9244
9424
1166
4130
5684
1081
1497
8170
6909
347
9059
5325
1338
1948
9046
5004
2505
2340
7461
8410
5305
1104
8555
4717
1950
6504
8702
2288
9734
7053
6391
7452
9906
3536
9205
5244
8866
3113
9496
3041
8267
6762
8964
2056
7286
5577
116
3603
3631
5022
1340
4635
195
2635
3120
8343
2729
1858
656
3461
4613
1570
9665
4169
3494
7149
6841
1025
5267
9643
6021
8646
8293
384
996
442
4068
2654
5964
4551
4719
5896
5670
2699
3622
3431
4367
4446
8181
8943
5863
5555
1874
1906
2708
8634
823
8739
4873
2325
3686
31
5639
4955
8552
8210
7703
2002
8754
6457
8875
3439
6478
9739
3815
7921
3132
3344
4317
7150
9283
2616
9060
4721
5448
3363
9402
5831
1621
9995
8209
9627
8349
4220
5979
3623
2403
5431
6164
427
4555
5835
6200
616
5451
3440
8651
2830
1062
1975
3109
4191
8225
6459
9558
3628
7433
7631
4014
9671
2531
8880
9526
854
6899
1879
1485
1883
2334
2521
7024
9503
9579
9598
5769
6309
9042
169
9899
7366
4965
7105
4416
3485
9375
7741
8796
438
9307
4204
3152
7094
8237
4849
4640
6072
5080
2831
6525
9532
8914
4353
901
7306
2845
3884
4652
4188
6662
8477
648
5893
947
4011
1129
4179
4715
5458
1288
4693
8034
8750
373
5432
6235
6639
1041
8895
5263
5262
1251
4466
311
1561
2458
7638
7466
6904
3764
7373
8412
5804
2768
732
751
2874
9998
3854
4365
7467
2520
7462
597
5474
9611
9877
1257
1051
6742
6469
2629
2304
1059
1395
6068
611
1675
9101
3929
6090
6445
5029
3482
417
4973
6797
2010
2961
6169
8858
1420
3208
6947
4075
5333
4092
5299
7049
1656
7997
3709
493
653
8327
7663
5199
803
4862
3705
8360
5900
3418
8883
5903
8169
749
6091
7263
3462
9465
8201
9143
5077
1619
6460
6182
701
4670
2933
9674
5332
3036
8424
9176
2700
9374
9596
2171
3320
2799
6790
3859
2327
4088
8538
8726
2104
6433
4151
2085
4649
626
9395
720
7597
590
6833
9713
8244
400
3697
6735
8575
3737
5396
9600
5173
5593
9898
1566
6977
8961
5368
8558
1999
4788
8406
2405
7473
7011
2337
1345
5511
8111
3927
8375
3288
7252
2807
6896
8260
5874
660
511
1916
6587
5570
8560
371
614
8240
6226
810
92
6521
3962
7501
2450
9021
3540
6390
3065
33
3872
6908
6848
1004
7915
9769
5351
2109
469
9034
4174
6910
3179
1108
7656
1574
2479
3039
1019
4970
9152
3753
3711
6600
7767
251
4205
2916
5590
6052
4691
6687
9985
2769
6694
3784
6875
4835
2683
516
1690
2333
6146
6840
3090
2871
5155
1520
8662
9324
8257
8728
691
814
5760
6327
6319
9828
3435
6424
9545
5990
7132
6300
3826
9614
7120
282
7721
7866
4793
1318
7869
7381
9625
5661
3853
7313
7200
3959
633
2717
2286
7863
7233
399
1337
4532
9708
7549
1804
480
5952
1024
255
8003
8185
3886
562
963
4680
2382
9116
40
6385
7460
97
2226
3966
9052
5287
9867
2622
1878
440
8054
9849
3310
3406
1398
1032
8781
872
5427
730
8472
5916
989
8881
2437
9656
4511
6821
2256
6754
1374
1
3283
7693
972
9909
102
2155
9967
7383
1454
3284
1935
1760
3203
8285
6338
3498
6933
2432
6397
5311
9815
6629
8997
6264
9045
4369
104
952
716
1099
4637
3446
8106
9472
8498
2879
4810
909
8764
2611
8813
4258
1284
8494
6879
4190
3746
9169
8104
3971
2420
3250
2589
5028
1096
7199
1307
9771
3993
1473
7329
6101
981
6071
1040
9555
2917
9488
5648
836
1531
1632
6952
706
9316
1698
1836
9426
3803
859
5757
8934
9744
9499
3585
8944
204
5541
2469
7413
3881
9386
5819
6206
3519
8387
1208
1774
3454
661
8822
3337
7096
5536
4048
6261
5064
4986
7483
4891
1382
666
5494
8715
9980
9048
1197
6189
135
2106
9603
2421
2715
1911
4253
5164
8665
2834
9404
926
8484
3928
7795
9240
3450
2429
5647
2013
2967
266
9255
7095
5812
7546
1991
2303
8673
8320
7454
6712
7936
3835
1091
3180
2050
3349
1600
7402
8028
5162
3838
7957
1582
2465
7769
7404
296
1094
6441
9541
3814
1932
2919
5785
7296
4882
9675
107
8757
4103
3018
9470
3261
9894
5902
8317
5468
7717
7643
3610
5144
9686
3816
4819
9630
3419
3734
8156
8871
7363
3068
2455
5717
2048
1124
4814
3074
1328
9107
1837
3797
193
5708
5415
7347
8252
5826
4595
8631
6423
4799
694
2054
1239
9210
7846
235
3507
8592
6779
1407
3481
7729
9343
4160
9400
1895
9207
2252
7557
7811
7816
6914
8611
724
5291
8229
999
7681
9201
5897
5322
7389
1571
7847
3747
3382
5913
4305
4768
405
780
9077
9805
1884
2698
9626
4351
9408
6778
6737
4392
2312
1344
9546
413
8563
4505
4805
7033
4324
6506
819
2214
1214
2255
9782
2015
7170
7675
3811
2881
923
422
6429
274
6006
786
8417
9266
1635
478
5481
3416
3410
1265
6437
9718
3741
2006
845
3604
6503
78
1277
8243
6924
9586
2386
6598
5233
8074
8107
3426
5359
3088
8533
2139
6249
5290
2400
7601
7943
1939
3178
5602
6546
1555
7810
913
2759
4838
354
5774
2246
6938
8524
1325
7485
8480
4892
3445
367
2295
6943
9982
9001
6601
4889
71
7719
3597
1450
1956
1652
5724
4725
35
4540
692
9757
538
8951
971
1134
1321
8114
8548
8902
7699
3739
618
9259
2914
8606
9857
7227
6387
3763
6272
1047
4259
4036
4857
6946
2965
2396
7882
9951
6155
3249
93
6806
2016
1830
6651
9850
6844
4724
82
4115
7353
1192
3253
9132
4354
882
8503
9376
9795
6014
7106
3402
7939
9078
7907
8470
8497
1406
101
3054
3424
7809
8823
8478
5253
686
1567
9553
4061
7701
4587
5573
3546
3885
9162
9222
2276
1508
4210
8151
2867
1790
3272
6158
9013
1510
4872
3954
4376
8067
5389
4364
710
891
513
375
7354
8457
7854
4950
2122
6728
3680
4806
570
6412
1238
1438
3257
9570
2642
5005
6000
6221
5850
6228
4581
6795
5718
2714
8716
1052
3405
1876
679
8009
8698
9397
2105
1767
7399
3024
4928
9505
9608
9759
5100
4578
6188
7278
8655
106
5179
2229
1969
6913
1942
1472
4720
4871
9726
68
3895
6671
4304
9508
1135
4264
2567
2836
6256
7649
709
6198
2678
2818
5694
5942
1207
317
7779
3158
6686
6246
2238
5500
860
7898
6354
2617
3247
1885
5556
6116
2339
4941
7017
6854
9287
9710
7630
7309
7234
822
1733
737
7555
278
9764
1360
2440
3543
4923
7647
13
7337
8330
1290
696
2061
6724
7348
5196
8987
1882
7688
9974
2007
199
3037
5797
3333
3384
3698
9002
9440
397
9956
3019
133
5926
3140
9682
2788
4666
2280
7239
9935
8530
63
7677
2513
7174
4945
756
4393
2223
9677
2206
4600
1904
2651
7147
5712
8167
5876
2442
576
243
7177
5526
7163
4202
4013
4536
3276
9030
6719
7916
4518
6997
5270
5160
4012
731
3981
5098
9740
7619
7987
2756
3151
539
532
7142
8539
5608
2863
3609
6195
4426
4307
9737
3930
3021
6891
3002
5522
7587
9334
6967
2093
1203
1676
9528
5422
2251
3652
592
6708
9946
5091
2526
8268
5527
3871
9519
3523
7689
2671
244
595
1260
8379
6041
9320
7591
7055
7650
229
2089
1267
1084
3360
6895
9895
7903
2487
2082
210
4920
9996
1620
2556
8026
2692
9945
4489
7605
6983
2857
7219
7935
1453
2088
4738
9697
1586
3639
7352
9826
9139
8850
3931
1964
5084
7989
5748
7217
784
4464
9005
7443
2900
7292
2958
4727
840
973
8800
1178
7115
7602
9814
883
6456
95
2539
3354
308
8840
8430
5465
5599
4248
2181
5348
3729
4671
4055
8776
5973
9885
3400
2176
8577
5230
9631
2477
2566
5257
995
775
3210
4306
140
9346
841
8680
9931
1378
7226
3794
8890
820
1630
544
6775
460
7627
5015
2095
7488
5307
6193
1662
7104
889
8466
7651
8540
7108
5310
6534
1693
6480
6755
8415
9905
8196
3990
3127
8745
7913
7746
3577
6184
4746
5295
2665
503
3495
292
8591
7695
6073
4182
8328
9624
5397
277
2974
32
3809
7516
335
8068
6266
5323
8140
9542
9441
8141
3017
5741
1674
2069
8567
9639
6788
4343
2691
1172
7481
7145
8603
9788
644
3950
5313
9068
6607
3920
3264
9049
2694
8998
797
6570
2631
3427
5334
6998
7715
4756
1421
4937
658
7801
7726
2233
8868
5582
7766
5822
4282
7214
448
3917
6745
6595
3970
6293
3934
2245
8590
2130
475
4283
6455
1832
5587
5678
7247
2656
4443
1776
7540
5087
1553
7308
6060
8072
2732
497
566
5176
30
7275
2345
2234
6484
1105
1757
415
6918
5792
4568
396
514
3582
3554
9789
8755
2956
4228
2862
6791
7520
8529
6816
91
4653
7317
3568
1308
796
252
1771
7463
7012
4347
7474
6239
9462
9551
99
1219
2146
3318
4192
8835
1027
3820
5873
6837
1333
4408
1137
1631
3441
3673
4847
4957
1544
2001
5662
2554
3520
9590
7873
4867
7716
7215
2606
425
8994
6029
2152
8780
2037
9007
3730
1720
1667
410
1462
9373
1798
1083
3219
6798
3297
6684
4767
2909
4058
4334
8508
4784
9213
5860
2290
5145
6672
9417
9883
5269
5315
2736
2734
1524
4170
8304
4226
6111
5689
1678
5148
6332
9333
6473
719
1215
7038
5685
139
2100
7295
5784
6529
7086
7629
3974
5280
4682
3661
9325
5543
868
7020
9194
9507
5119
9321
5914
2942
312
7891
3702
607
4383
2990
1233
1248
3186
8766
629
2203
3094
998
608
2416
1891
4981
3654
6876
7157
7414
9173
3052
3122
7482
5071
9565
9331
9741
3657
6669
25
4047
6931
7261
2740
7634
8853
3802
1824
4864
8337
2034
461
8083
2332
8985
7153
3215
241
7455
3267
7944
9612
9988
318
922
6709
912
1280
5598
3624
43
2812
9663
7838
4574
9976
2773
5261
8265
7772
8507
7359
2159
1223
983
1155
2758
647
5237
9605
4165
7002
189
5616
2445
5528
5729
7625
3660
1873
6733
9284
3328
4454
216
7438
8222
1695
7724
6294
4402
2466
5407
7740
1066
7768
7979
4049
5999
628
3963
7273
6886
8482
9100
9204
9027
2232
1195
8962
5236
1540
1603
3044
8537
6065
9917
8174
5731
3082
7406
3605
5003
206
6870
950
3308
680
3118
7268
8086
6663
8604
4396
4566
1162
5117
3047
9138
851
2407
9358
1503
4360
7022
1707
3302
4938
8686
4996
1803
7249
4723
5667
6
8691
9832
4685
967
450
7635
1834
2182
3876
3379
7755
4114
1704
8319
837
9768
1681
4148
4607
7312
242
8468
6106
141
5245
6119
1228
2603
9772
4922
8455
4122
1418
8311
1819
1416
9712
58
9209
7267
5519
5859
1039
3533
1612
3596
5581
1785
6462
1919
523
234
6260
6707
6524
3960
7204
295
435
7778
4490
7195
1758
6871
7398
1507
3066
3076
9006
7679
5997
230
232
5621
3559
2239
4905
7175
1506
113
4278
225
8844
5567
6617
1966
8984
6227
2960
1465
1110
6133
2511
8723
3338
9411
1270
5030
3266
9637
6828
5614
1422
6421
3342
3256
9062
9745
231
2385
8738
5288
7221
2111
3298
568
1146
3475
1547
5496
1458
6292
3401
3547
2190
3788
8545
8807
5044
9804
7101
8234
8922
6664
2250
5140
1897
9273
2833
5067
5856
8797
1521
838
8551
2451
7982
9130
5927
3726
5300
7541
485
4322
6917
9524
8289
5116
4966
509
5414
3856
9690
6682
7664
9229
9835
9251
2029
6763
9766
6759
3212
473
5637
4599
7164
4066
8232
8578
604
3506
1664
1080
2353
8695
6183
6761
5565
3770
9912
1241
1349
6880
2749
659
2237
6565
888
8849
5121
726
4312
6869
2670
7081
4230
9432
2963
6863
9913
9430
621
9092
6342
8565
2609
6867
3915
5802
7686
4451
486
6263
9399
5103
8159
89
1650
6564
4662
7489
5645
7786
8559
4166
8463
3511
910
1892
8283
4482
6856
5932
4651
827
1201
2125
2645
826
5753
4378
8741
3701
4743
4669
2849
9390
6542
7491
2299
6328
4006
6620
9245
6085
6149
1175
8454
6929
7340
8124
9135
578
7499
9038
6729
1750
2612
545
1125
3958
5971
699
2542
5388
9104
6463
3973
7362
5768
5485
1457
2824
293
7568
3067
7607
1492
1815
4524
6288
9475
9853
1756
1089
8217
8077
520
624
5948
3822
6308
4071
6203
3535
2608
8435
3181
64
8828
4713
6336
156
2196
1114
2027
8491
2774
6884
5286
2274
9959
9520
4954
6541
8161
24
127
2467
3591
8122
8737
7045
5279
1706
9691
264
7151
191
2982
3095
4730
6772
4184
2398
7358
7611
5357
5356
4636
7867
1573
4500
8556
1362
5883
2326
6495
7804
9231
8134
3984
793
500
1825
3340
291
6339
4586
8768
7773
8460
9790
8786
8050
1740
8619
896
1881
7271
1415
4178
908
2384
6366
3304
7949
9522
8378
6945
670
7674
2536
3031
4463
4487
105
521
2298
5379
1929
6409
67
2962
5954
2581
5420
8620
8972
4067
745
5285
4494
227
625
2300
9703
8275
6302
8682
2142
557
1300
4984
9348
3403
1399
5562
7988
1777
9767
5188
1302
5699
1413
7858
247
8678
9784
2524
3383
7288
6482
176
1088
7735
7127
9015
4796
7430
8356
1548
1373
1364
7361
6787
1111
6276
5094
9398
7248
6527
2489
3621
7669
1165
7262
8021
2587
9314
4884
7860
62
1224
5175
3544
768
8725
4570
4138
4120
4363
8785
9263
457
256
5609
9783
5845
6743
7834
178
6411
3193
6860
4904
8471
555
205
4926
8709
2390
7965
4223
2140
404
1653
8103
6540
8841
6968
7123
2202
984
3341
7899
9178
9981
5651
2175
2236
7563
7990
3590
2351
6451
4145
3849
4597
382
3244
4992
3369
3593
5271
8017
1728
2978
447
1353
5000
848
7237
960
2435
6925
5656
5195
1802
6218
4084
1171
1810
2502
5093
4453
7845
414
3690
519
1823
2628
7052
4569
7321
2894
9232
4542
4437
3116
3175
8146
8200
5517
8834
3016
5033
1268
3221
2359
517
7855
1581
5161
6847
7476
7010
118
4677
8913
4261
1636
924
2127
4765
9512
1814
8700
3655
6893
1851
8135
5987
168
7285
746
1255
4820
9270
1773
5083
3945
298
3750
7954
4131
1446
5666
4199
3100
6446
9837
7639
8011
6004
284
8040
1572
3059
7447
4585
6659
4958
9353
9088
7410
6367
6362
8431
3879
7146
4
5705
6165
5373
6688
3804
7280
8787
3240
2114
4152
1303
9575
2448
747
2179
4565
3467
8720
3350
4302
1126
7652
7871
7603
7972
3004
341
2986
5163
5065
2022
7728
5089
1945
9781
4548
6306
5133
6496
9362
6954
9720
4372
6363
1160
6438
5350
4592
3728
9936
1459
2488
1545
4269
4769
7244
5387
5019
3367
5945
586
899
3865
9221
7213
7934
2167
6311
7384
3817
760
1230
2880
6530
6351
3104
2794
7995
4977
4218
2156
7892
6903
2752
9216
2543
4808
7333
873
1339
7608
4831
4591
5398
3268
9364
5088
9228
8751
6605
9599
772
9653
5266
5120
2855
132
9921
4912
4146
2476
468
771
3294
5884
5951
1086
7173
4368
6075
130
2910
5505
1405
3056
5798
8799
1887
472
8683
1428
4295
2311
9064
1293
4196
1742
2951
323
4293
6137
2271
6608
5537
9947
7316
6956
5047
3073
83
8177
563
906
8173
5340
9381
3919
1142
7198
8110
8363
6474
1350
5217
1708
5915
20
5660
9171
268
2591
962
6297
5482
2254
2646
2891
6325
3632
3146
1206
271
6556
6074
4526
3616
3852
1369
9253
8264
9196
4246
5459
3258
5919
5226
4176
6500
4501
1596
6181
1152
6151
8399
4703
8010
3028
6215
9339
1385
8912
9274
6096
5205
4079
8276
1435
2216
3792
8374
8199
5190
5231
1634
3665
2128
3463
2610
245
7356
8149
7940
4736
5192
7548
1921
4331
6993
179
280
7281
8121
8256
5898
3011
7043
6862
6811
5153
6464
4081
7819
1700
4594
1050
4394
6243
7782
3526
1584
190
2387
4121
3878
8903
6602
233
1629
2650
6287
1583
9714
9182
552
2410
5462
5851
8085
5317
6986
7626
5408
4564
6062
5544
7314
7001
55
1209
980
620
584
257
2781
8938
7484
7119
2953
861
7692
1479
8763
215
4108
5698
7508
1106
3177
6827
4836
6208
5464
3708
1955
6304
3873
6290
4523
8092
9355
2558
6647
7968
4225
1715
6784
9529
7887
6720
4672
2497
1402
4000
9791
7588
630
4854
6053
2684
7818
9304
5207
6593
4493
2776
766
1042
4754
2637
1515
5830
1923
4989
5433
4328
8000
5229
3953
3738
3900
7842
3213
2461
8999
137
1822
4288
3035
1414
1156
6522
1177
128
6024
9561
5442
6002
2059
3727
8180
3517
6928
7857
781
6092
2331
4698
3245
866
7439
48
7803
605
8449
9093
7089
3619
529
2875
3092
1947
1710
6866
4726
9858
4537
357
2023
6418
6963
1187
5403
1623
1905
3799
7044
8870
4236
5354
9474
3271
6599
8018
7109
930
7573
5653
6710
6770
7344
1523
1159
8839
276
7666
8843
8730
6005
9592
4933
8986
5035
978
2012
9124
6563
6685
1394
8270
9534
6168
7034
8139
9678
5635
6104
408
5416
3659
17
3375
4947
5421
4287
7310
2584
2640
7420
2058
1358
4590
6076
3201
8931
1127
8664
677
7138
3217
4265
6792
5690
5982
4032
3528
7961
2590
2908
6979
3707
6136
423
5370
553
3232
7660
8322
1000
4134
3724
5024
8079
2456
9188
1694
4616
505
1671
1001
5858
2110
7336
3969
3848
5816
2998
1003
5906
6548
7581
412
8355
7743
8773
2931
4026
8162
2014
8220
7075
5864
2792
9892
7533
6613
1143
829
3629
1638
8557
5918
9079
3216
5912
6747
6105
1188
623
5691
8660
2791
9161
9327
1769
3131
248
7320
2997
2981
2675
7137
8946
1549
2198
5157
1011
6191
9112
7577
5619
1968
1763
1148
7391
7799
2783
9836
4201
2928
5021
7469
2685
7322
3472
3516
5959
2750
6399
5201
1752
9487
4340
2785
8112
4267
9727
6594
662
9868
8955
2710
6941
8512
9377
6501
7567
9067
9903
1008
8041
7517
800
1073
9127
7141
7578
970
391
6580
5628
3626
7889
9037
9829
5879
1537
1240
8418
1516
7405
9884
3479
1995
5533
5720
4123
734
8324
6838
7861
2081
9910
4217
3377
5501
2989
4330
2523
2702
159
2035
2348
765
2707
1470
59
9622
7534
9856
9978
390
6972
6170
334
4789
4582
6873
4478
171
6097
1685
6641
791
9036
1598
8082
9702
846
2269
646
9026
173
4567
4064
8045
2158
4403
5492
5487
4314
4438
4144
8361
2231
3839
6964
2889
2494
3281
2230
3977
7155
9357
546
2164
833
9280
3277
3313
7393
166
5038
7425
162
8030
8467
407
6591
5187
6452
6842
4484
4710
3583
3347
7162
3989
6373
1173
1471
2096
2161
3801
8059
6930
7449
5747
3176
5436
1013
7225
997
3263
7139
4319
2068
6820
5773
3395
5248
6404
8194
6401
9010
1908
4968
9957
5010
9566
6679
2843
2969
1371
5479
352
8719
7417
501
1699
5770
7179
4117
7742
8864
9504
3949
2368
3541
1979
5921
4329
1068
2335
6717
9687
8027
5275
1718
9842
6706
129
5829
5027
7684
7802
2841
8744
9756
8675
9515
7113
7832
9752
1386
6223
5746
7594
6025
5761
8901
8502
4834
7598
6144
9685
2687
2362
9076
1614
6520
9129
2585
6059
6901
9387
4483
1045
4740
9676
8732
8674
8995
6190
7644
6242
2369
1469
9200
3484
9660
9816
6466
9403
5937
7543
687
9385
1528
4509
8885
2446
2546
1801
714
2444
8647
5827
7121
3693
4387
4002
9039
9831
6774
5917
12
5597
6746
7771
9379
4550
7047
385
3752
3912
8439
4150
3492
6027
4852
4452
5417
6801
6575
8496
6623
9597
5681
2364
2935
7538
7785
1128
3465
372
6310
1917
4432
2426
4043
4780
8904
3323
3833
1645
258
5445
4626
1305
1060
7884
2842
880
1466
8138
9298
9680
3766
1271
8288
6991
7459
8236
3390
9117
5068
2575
2491
3436
4025
3831
1564
5235
7941
4654
6034
9160
2578
4118
4303
2858
8221
8420
1861
2261
1261
6514
7048
524
7584
8736
5866
869
9193
9258
9948
7116
1211
6819
6523
3638
3048
8990
6265
86
825
2281
2534
6562
1842
3991
1002
6254
3676
9770
928
3877
8335
549
4213
1512
4485
7662
6030
3564
9571
4388
5130
7183
1227
5605
1375
5503
3683
8262
4716
321
3125
4428
4534
5400
7133
2464
1764
8295
6475
7518
7437
6551
2870
9992
907
6681
8905
9288
2839
4627
3012
5676
1868
744
7833
8614
138
8582
6809
8310
9852
8340
8721
9275
1983
5049
7342
9821
5013
8830
3908
6574
7906
2126
5725
809
8907
6958
2473
8713
288
3222
7186
474
721
9938
4869
6988
6846
8712
305
2072
2485
3200
9102
6205
8916
5751
2160
8829
6665
1940
4645
9890
2080
9464
9642
5561
402
8109
6535
2423
8857
565
188
5966
9878
2316
7609
299
3910
5114
5393
9641
7707
6372
3860
1259
3299
1644
7440
3706
7837
85
5219
5606
8084
6491
5880
7118
5833
5449
6794
5853
4004
6080
8249
8155
7368
5688
7823
2844
9539
4113
6202
4235
8016
2803
752
7862
7805
8039
444
7745
2624
5837
609
5282
2840
733
5344
3939
1161
2861
4142
9724
1721
5214
2633
172
344
3129
380
9262
932
9225
7615
8519
3612
1488
5170
8992
5638
1245
2823
4381
1577
2499
7355
7564
4448
1351
6479
3864
9987
3874
7256
2509
3719
1504
383
3627
4153
2988
4309
7947
6162
2394
1509
2141
428
6916
3415
8663
6817
2454
6859
5615
4439
7238
1990
4126
1388
5025
2762
742
3754
4085
3569
2995
1286
3303
2017
1640
3883
8312
4775
2135
7514
2145
1627
6780
5554
8272
9276
2720
7374
8873
5514
6120
9722
8788
9024
3786
5306
8522
5390
8517
7897
6571
7346
7468
6220
3550
3030
6386
1092
5215
4476
9941
9061
4714
2775
817
370
6117
9187
4255
339
7633
684
4216
5471
4514
6752
3637
8952
142
2777
3227
2478
6649
918
5001
5692
600
8887
2495
2047
7654
673
7637
7495
2725
8708
9069
6375
9416
9638
7185
6572
2209
723
4630
4033
2024
4898
5399
1578
5273
9617
2530
6050
3282
7291
2439
3647
7345
7815
2028
6135
811
4519
8444
9120
3225
8966
5734
5337
4222
5062
2618
5935
2199
6894
1121
5726
7901
8701
5346
7933
1198
4052
4696
5723
3761
567
6569
834
8038
7521
7386
9593
7876
8526
9482
3791
986
6652
3071
2838
7255
6955
1253
8401
7444
7298
4893
1980
1250
1283
5610
7912
445
6360
1085
9
1587
6250
1258
9056
6303
785
8793
7122
5881
6388
5177
9063
9156
881
8105
5358
3293
2932
8653
9972
6240
222
8282
8046
8618
1347
3385
2577
8096
5512
3725
8536
2641
3198
5738
2798
5341
3742
8658
6518
9775
5223
1139
9179
7100
6337
7091
8078
2626
9760
3532
8974
7290
6045
5996
6042
484
7178
4440
1412
2318
2057
214
8274
7196
8648
4659
8975
4902
948
254
6314
3940
9218
8549
3317
5693
7757
2659
238
1661
5057
9269
6654
1712
3259
3749
353
3982
8860
8988
4089
6211
5839
8208
8392
3102
9261
6499
2172
1604
690
4972
2018
9949
1490
8368
4598
3243
2676
3085
2737
9167
2287
165
2008
401
6326
1136
7691
3191
7710
9091
4851
8733
4349
6347
2320
320
681
4430
7765
5258
4398
2569
9241
9159
5112
9315
326
942
6960
6962
3602
9516
8191
7850
2371
735
8250
3447
3188
4584
41
6069
5940
8152
3138
7182
1847
2518
6555
7251
5844
4593
8963
2323
4318
1431
6100
5250
2820
6232
2713
8345
9753
4829
3922
7841
3578
2457
3455
8518
1163
8202
3351
4940
5925
4254
5251
39
8950
6244
6127
7894
7622
7068
9711
5892
2413
5473
8411
8381
7167
1788
3220
3943
1739
2887
3868
3194
8633
7035
9183
2393
2892
6426
9651
1254
9344
9800
1366
2391
285
302
8610
3606
3381
1768
5234
2441
7945
6416
322
5296
7423
9454
7783
8136
9527
813
2215
9848
2561
3357
4315
9032
2563
4773
3150
6186
9977
4359
6032
2602
2727
7739
3366
7836
5702
4384
7852
409
3306
6573
9873
4097
1467
3798
3522
4139
9925
4477
8007
7761
4886
1972
7197
6173
4053
7732
267
286
2347
7800
8836
1669
685
2292
3214
531
6850
7859
8012
5680
9350
9249
8777
3499
8729
1480
1841
9246
6622
1311
1272
548
1383
9433
6318
7570
281
5891
3411
8918
3229
2380
4991
467
4262
9578
2243
6343
2021
6642
1033
8416
9447
2893
7209
8299
4198
7102
8581
1530
5983
575
1655
7775
7751
2573
5090
8810
2428
1597
9293
3497
4848
6736
8714
5240
270
9984
8427
9131
3894
1444
946
1046
7478
1075
3893
8827
6483
7057
9952
453
6538
5534
2293
2753
5545
8342
1563
5579
5213
6063
1538
2797
5209
6586
8025
591
4059
5075
7575
2178
3957
4346
4528
4925
6614
713
1643
3946
5146
4474
324
4975
5665
7958
4325
8553
8143
2636
5278
7706
5988
5361
8771
5841
6350
3668
4280
4919
8927
3156
9640
7974
2551
9264
8051
1482
7918
2859
8945
2500
8747
8947
1393
3141
4380
667
5721
2470
3704
1389
8024
8585
7098
7565
7690
3252
8461
1546
4562
7181
5970
5695
8248
2907
6439
8622
2366
6307
3783
1628
743
1319
1551
1452
7566
4441
4998
6505
7848
2949
7909
3275
5617
4709
2177
7752
3311
3663
1522
7282
4455
192
2044
2555
4552
3007
4162
7372
1117
8711
9859
3553
3023
6976
1419
4072
3280
7750
5861
9581
9939
5222
2835
4375
4790
3010
5182
8639
3651
574
8281
253
1890
6516
3144
2872
4782
5434
2545
4212
2195
994
7006
1014
207
1132
3512
6305
3057
2847
3571
2959
7021
9728
1179
3618
3033
454
2086
7375
4209
4076
7744
5076
9915
1377
4737
6448
9191
2512
487
1691
5242
5017
7284
4247
6882
4250
3903
641
6725
5378
4755
9672
8722
2060
5714
4800
250
8930
4936
554
5463
6175
2242
9420
3149
2475
9986
8910
9731
2434
5352
3051
3133
5664
8584
2814
1234
4749
8300
4099
5659
8704
9097
4266
5995
2572
5365
4189
4405
1185
3361
1724
7789
583
1475
2673
6320
8821
2315
2643
9619
6812
9057
8035
5239
558
9029
1859
2342
8894
5475
9866
3599
8851
3952
3790
2966
9799
3195
1069
8626
6199
9003
805
6382
4155
8877
3442
3356
1359
3087
2599
5193
3691
6222
4646
5150
1901
588
7487
2020
4104
4444
6726
8365
5172
8331
5530
1048
4887
9223
9459
985
4475
764
4373
1313
8207
6560
2043
7169
1016
7730
7434
8909
123
9961
2221
2062
1687
4326
3101
5488
5320
7058
3847
1200
7526
1900
9090
369
2669
585
273
1716
2876
5082
2107
7682
7986
7283
7920
9471
3625
9406
3278
7231
6333
9299
1668
5224
1387
652
2314
8127
4845
3779
9019
919
2471
1529
8846
798
7063
2349
8921
374
7879
1273
8580
4015
7507
3649
4828
6760
3449
3242
2532
7030
6236
3043
1276
3182
150
6109
7851
7825
8899
2409
1434
5867
3190
3892
7023
6803
1579
2701
5868
5443
5683
4932
8535
329
8148
4900
6274
7676
8832
1679
8589
8550
2607
9924
3444
2204
5887
8323
2264
711
388
3916
1217
3975
2971
3321
8525
3558
4467
8346
8193
9736
452
9610
7407
9914
7274
6313
3846
8969
855
3096
911
8362
2317
1869
2663
7445
6839
799
7394
4704
556
9126
1730
289
3845
8790
8926
5764
5759
77
6353
7700
4051
346
6376
7571
2065
8306
8053
4127
4601
3700
2911
1269
1297
148
7553
3060
9242
1543
7412
4020
7028
9514
708
4410
2941
6911
6420
4086
5439
1401
3717
3941
9953
5366
5208
2131
332
1493
6628
3902
7973
360
386
6631
3575
9378
9572
7335
9725
3486
3234
8422
6826
2613
6604
8171
7099
9623
8820
9236
2183
3983
5410
2811
767
5180
2517
4813
7497
8126
8937
9506
8056
1133
8669
6093
672
9233
4094
5136
8587
4098
3904
8216
6447
7545
2827
4240
2463
4684
3420
424
2459
4203
5946
9583
9058
9851
2133
5360
8510
5380
7311
6377
718
955
8772
5968
4461
8848
5727
8373
3443
3634
1252
9803
5450
4504
6346
5882
1532
8163
2594
3891
5284
6384
2638
4458
379
3124
3111
9818
2282
306
8694
5128
8542
1714
8291
5538
9214
4686
957
5218
9870
9388
8576
2375
158
4770
729
801
2249
1167
5301
8676
8294
3080
7694
5901
5156
949
4660
9696
5303
7696
1909
9812
6095
7376
4697
5480
4916
1817
9560
5805
8287
1190
5478
498
9480
8970
9279
5441
2424
3412
184
368
9833
9865
2930
4787
9301
4390
5976
7370
5440
4242
4865
1562
5848
2120
9310
2324
7341
7136
4934
1930
8014
9607
1928
2540
1539
8599
1460
8391
5564
1427
8541
1775
7232
4010
5206
1987
5002
6532
4133
2906
2136
7015
1141
6577
7074
9463
2763
2722
4125
1580
5429
8968
4894
8929
3147
9629
2137
4993
6519
6130
2117
7054
4802
5730
2787
7479
6458
6378
3688
9943
5297
7294
9215
2186
5796
9081
3489
8705
9664
9335
1971
8782
939
876
3380
5743
7632
7506
2735
858
7525
4718
6003
1747
4875
5104
9238
325
2084
4149
2767
6824
337
6558
4606
494
100
9011
639
9609
3364
1780
5524
7205
2620
1306
5324
8438
8544
3162
8657
5673
1875
466
6009
7206
2668
4522
5781
6321
7712
76
7661
1327
2853
6898
4731
4982
6890
865
7242
2508
1813
2693
2191
6161
9356
4899
5604
221
8661
847
3331
7685
9716
8214
945
7917
4781
5339
3006
2711
2157
9810
4450
4622
1222
8440
1705
3714
7072
9888
9719
8398
9999
7551
6163
2244
665
3713
4876
3858
3473
5532
7840
261
303
3906
8421
5632
802
3869
3386
3994
2030
4342
8061
5930
5531
5066
8635
8607
3608
7975
8490
6849
134
2367
7926
6036
9517
6259
7970
8625
5700
6701
8164
5938
9443
4035
4561
310
47
9862
650
6785
7458
1959
2262
7856
6023
2979
8142
342
6722
3026
7287
522
1886
3325
4650
8598
10
5756
3053
9053
4507
4279
3483
4503
9954
9733
1154
9806
6718
5823
3850
6489
4156
1184
9838
6088
7027
612
3976
7212
1866
5709
8186
6561
904
4983
2627
5583
1517
2565
7093
9824
3009
1938
1982
1989
2284
5074
1998
2515
430
807
29
6634
1992
3164
6414
547
9438
5542
4272
7893
455
9729
7193
1912
3780
8568
2806
6999
2553
9419
965
3072
2296
3677
2038
2090
2308
7327
3184
5131
4974
7872
6286
8425
6544
3207
3063
676
5622
527
2301
177
4924
4374
7203
7135
6832
3316
6703
8746
7004
8794
6381
8818
1029
5052
5679
9256
9785
3362
7343
8718
1170
9303
9197
6670
5644
3471
2510
5302
6885
6966
5706
131
9934
359
622
4614
219
2040
1287
4244
1376
613
7431
1020
3756
489
5435
4855
5095
6721
8863
9847
7725
2886
8296
2731
7737
5502
5991
3641
6012
3286
3574
9589
6224
6103
3139
1229
4557
2481
275
1442
5965
9257
506
2944
7166
26
6887
7436
4795
8359
3745
7613
8188
8251
4639
1665
8228
6658
6693
1130
3343
9650
7083
8649
2189
3089
2422
8767
3921
9776
2360
728
8516
5782
7736
1833
6017
3812
4556
4018
42
2098
6322
1737
8666
7747
1888
2586
9414
4062
7300
1205
4559
160
328
8176
2770
3319
6022
8325
9580
7794
9965
2560
2921
2330
4459
4539
9825
9573
4358
1649
3716
421
5677
9758
151
3058
5779
1793
8983
5612
1870
8179
6872
4816
9040
8954
2904
8696
1119
6067
269
4846
53
6585
4935
927
9189
3722
3332
9830
2898
9453
1037
8100
7188
7161
5780
7530
6892
977
606
7328
3669
3433
6713
6815
1601
1180
8861
304
7191
1732
7812
3359
1391
9479
6497
7257
5016
2483
1090
867
3042
4147
3751
4093
1943
4921
6773
8802
7076
1755
9172
2525
5228
2868
6472
4739
8182
9647
4815
1036
7110
9843
4533
7948
5129
5328
8198
2596
3
8819
502
6033
2166
9412
8668
7502
3527
779
3670
1494
5364
1231
4095
7831
1781
7559
2528
7886
7824
5767
4676
2754
1659
8778
1301
3935
3769
6141
6082
8446
75
7702
9979
8278
6291
3572
5009
5818
8978
6147
6753
2462
9661
7504
5174
1976
1054
5825
3773
5115
463
5715
5186
8060
3329
1193
348
7922
7230
4668
9876
5220
6070
7315
2397
3169
8824
9773
18
7532
8302
2
6740
6134
3209
5675
675
3086
8076
6633
3204
8543
7658
1941
5985
4535
7758
1496
2374
2219
1796
5763
8218
8019
6368
3237
7864
968
2313
9491
1511
2527
6121
6349
8235
1451
2279
6568
3408
8488
8066
936
3107
5265
6055
3808
9538
3924
411
1599
3718
4748
4701
5626
8002
6167
4431
1864
5620
9115
8506
3889
6112
2033
3851
7952
7826
436
1365
7
4449
8670
2822
8888
2267
5733
5304
4037
4513
3254
5092
8133
2076
9014
6727
6131
1150
7821
736
703
5372
561
2147
6040
1074
6581
4681
3947
8183
1922
6657
3365
9900
5671
8465
3046
6490
6927
1889
7084
7593
5127
9860
9174
7307
8049
2222
2697
294
2049
7140
1292
1232
2460
3239
3392
7240
789
7503
6238
3765
4197
697
5904
2433
560
9142
3235
3428
6786
6064
979
9658
6526
9051
1149
7129
4429
8172
2854
3821
4558
3078
3584
4644
4885
3112
6951
2291
5592
7411
3842
4119
3643
678
7580
2352
1464
5869
6405
69
1310
5650
9110
956
2132
1981
925
8602
5857
8743
5506
4425
3551
6510
6982
6590
5040
9352
9154
9235
1021
8089
4976
1049
3867
6204
3830
3352
9983
1725
395
717
9155
3715
2975
7156
482
6398
4001
7477
8936
5438
7623
5134
5631
2936
4423
3301
1722
2748
6640
2309
9644
9942
695
2639
2704
8996
3744
3787
2263
8499
1996
8158
7683
5750
7168
9111
7865
9839
4077
2395
7762
4728
6543
9427
2557
8239
6142
3743
1751
1852
3552
8924
1189
7798
2302
8632
6864
3696
5118
5603
196
9975
7176
4747
8175
7911
4969
8593
3907
593
4758
5102
149
9871
2194
364
1592
5126
1862
4377
535
240
2885
5059
7036
3437
1717
73
7705
3985
5108
7839
3020
3457
4366
6805
8456
4413
4024
3274
110
5096
6124
8231
856
9765
7082
3098
773
8227
9292
7326
3425
6054
6285
877
7265
2695
5499
5931
2506
5058
7645
4674
3890
5899
2185
9588
8798
1984
1354
2878
5391
6621
8370
3324
862
6660
9750
1729
1915
4344
154
9313
5791
2079
5890
1315
1363
5353
4521
8031
674
8486
1487
6557
7523
7207
4106
6547
8862
1176
4612
1826
4038
1194
1274
6696
8803
5191
7853
5007
1235
9150
8583
2307
5649
5247
6358
9186
9844
8116
2207
2672
8380
7080
3576
6678
974
6357
5520
5722
693
2235
5308
8941
8896
4959
4241
4547
4573
9230
631
9296
1680
6650
9055
44
3336
6470
2277
8571
7962
9450
7830
1140
5444
6477
929
2772
7671
2778
7222
8527
8344
1505
1022
8872
7697
6596
6283
4040
3174
5539
1829
7171
6619
36
109
941
9869
9151
753
4842
8386
4206
9290
3685
2490
3731
7016
6383
4711
331
3898
8596
4207
8001
4313
1576
8097
5949
6440
8292
8483
1963
6013
3121
7733
831
5072
2507
9190
2406
6139
7396
6757
1772
9300
3679
6612
9907
136
7385
8419
7189
2604
4906
2283
21
2116
8153
7254
9684
2306
3314
5446
828
5943
1439
1593
683
5382
1605
4990
2804
818
8845
634
443
3648
9648
7007
2658
4822
1702
5331
8630
6926
3153
3781
5424
2579
1974
4116
6800
1962
1058
2358
4281
8314
7037
1392
5878
4608
5211
2976
6364
3560
9879
750
3488
2723
8917
4658
1871
5672
6427
4575
4296
6592
5515
3396
5078
8982
712
4978
1850
4888
5886
7999
4531
1298
2493
6233
9449
839
4137
5051
3376
3771
4395
7131
6289
1448
3681
2890
9096
4415
8064
1312
3580
476
5736
2813
5428
1368
1341
7793
7160
4481
4434
4803
8144
7657
9302
2912
7493
272
7039
6038
9655
754
7272
3460
9114
2634
3539
8242
5411
6231
1043
895
4960
3130
770
8762
7519
2180
2681
8436
5165
3458
7713
2866
6552
4335
34
4456
2552
6874
2786
2593
7756
1735
7554
8637
2550
4480
8672
4791
4260
7930
7759
2562
5924
9012
4135
345
6485
6843
8271
3633
9738
5870
5139
9654
8395
9128
8784
358
3456
6026
5014
9468
8562
9922
1946
4572
4624
3515
9557
6905
7776
993
2004
119
8396
4073
4412
7672
9494
1437
2329
8684
6889
6783
5418
9234
8753
7304
6001
2987
6488
4611
9118
7668
3128
4759
4850
2789
3372
2501
9367
3358
4171
3834
378
4706
7561
5663
7117
7471
7547
9530
1903
9456
7788
9930
9681
1783
157
1926
9813
2431
761
4953
9563
6509
5842
843
3951
1513
8515
5549
3126
7224
8055
3996
8856
9991
6971
2660
1880
2265
4762
5989
4286
3279
2923
4385
7180
2402
3672
2655
6919
4683
1181
6632
738
1672
777
4389
6281
459
4370
940
9073
1660
7246
4642
4124
7610
9495
9175
6690
9084
6768
5419
1625
774
8437
602
4883
3000
8897
3882
5566
9071
7698
7008
8150
349
9476
4741
7235
598
4277
8706
9224
3796
8973
5815
1367
2766
144
6083
5559
5189
5553
5294
8357
3899
830
1795
788
6277
1616
8699
2682
1787
7451
7880
8389
6126
9754
6110
9322
9761
8238
1560
3224
6897
7026
3828
8855
5521
5641
7299
2744
4167
7090
8645
5377
2940
2897
5571
1731
3914
9083
3192
6732
4140
2066
1461
4492
5274
2036
3309
7648
9670
1951
7401
220
2197
9330
2092
6058
4589
3579
7641
7963
7877
3759
9086
8953
7360
5808
5246
2726
6194
5629
3944
9958
6906
2356
8707
4629
3464
7621
6099
9392
886
8740
5460
3721
5147
6430
5321
3896
7678
8654
2294
4186
1057
108
202
7223
1204
6994
5803
4110
7442
4757
8859
8511
3795
8809
4807
3588
2430
9146
2078
6079
3829
6610
3045
4824
1682
1910
5467
4985
6584
8681
1697
902
8710
5972
7114
5466
1782
8307
1637
9147
8008
1914
6415
1949
2224
7723
2336
2168
2771
1558
1082
1585
5889
1463
7628
6855
6782
8487
2535
4520
163
636
9306
4839
6545
5820
4641
7537
1381
3159
7895
2743
1514
5525
4231
7722
8652
905
7490
8749
7925
6830
9823
5184
9149
167
3477
2782
1396
5771
4298
1641
7421
3393
8383
5073
9329
5957
1015
9786
7791
5640
1279
4289
4473
6150
3093
316
5888
7556
7572
3353
9410
6114
7042
7667
7424
8388
3807
2247
6487
6808
52
3407
933
2826
9108
7996
2009
4929
4468
8413
1101
4541
1647
5936
9709
3870
894
540
1411
117
9308
7807
3148
8731
7896
84
2980
9248
170
6853
3710
5613
9278
6965
2730
4772
4078
3844
6845
3189
3789
57
7382
3134
1933
7843
1552
4168
9415
5330
351
2328
4187
4361
6767
4096
262
2321
6822
2273
4357
897
3404
9305
8697
9692
7334
5470
8573
9908
1970
9748
7018
4837
9604
4284
362
9043
9309
8925
8284
645
6046
4046
4044
6011
9145
4917
6177
125
2346
6077
8779
9493
3413
4275
2064
2905
6028
8734
451
6094
1390
992
1038
6393
2310
6043
2192
9008
2537
5452
1065
2119
8886
7453
8407
8005
7159
5633
8638
3459
2129
1077
4195
4661
4101
4827
3374
5349
5489
2184
5790
9106
2621
9962
1116
4785
3611
3948
601
495
5202
6944
3075
6084
8911
1500
5933
1408
6702
870
2019
5293
1805
5894
4833
9184
5135
7301
1518
6213
5046
530
787
7087
3967
4825
3368
4880
4694
1713
7000
9525
9635
3760
3620
8101
7492
3561
3836
5023
3246
4050
3548
1174
4491
6166
2193
8119
5568
5745
381
297
1899
8145
5456
3168
9087
9199
6711
6776
5137
4175
9872
2817
1988
7849
1550
420
5381
9185
2576
6668
7208
1997
38
8178
8624
5783
4362
4177
3255
488
3813
3233
2680
4962
920
6209
4577
790
1684
7544
6301
4874
668
5836
5732
2780
9009
702
1806
3819
3555
5872
6057
4679
7475
6395
8703
3417
7774
9342
4007
4918
8748
8263
617
8047
9365
1501
2449
9121
2418
4712
7770
4508
9549
37
4379
3666
2492
72
2227
2719
7797
887
3837
559
4320
4382
9620
3453
1275
7574
6576
2595
8204
6624
2657
5974
3640
2138
9383
2447
8642
669
4643
4163
7704
7616
7904
8321
2278
5911
3862
6989
185
6715
1960
1212
2259
4105
3452
1093
3772
3491
1123
5178
7269
8
534
124
6225
4763
8627
3607
824
6279
7498
982
9822
81
3658
5754
7126
9500
3923
2370
8874
7576
9997
2564
9845
3567
4944
2592
1122
3642
5840
1692
7125
3432
9318
1263
4603
1835
4988
470
3594
6282
8168
4563
1332
7942
3315
46
5634
2728
287
1061
490
4801
9513
7687
8393
7827
8473
6789
5181
2902
900
3248
8775
2582
6128
1030
9345
4132
6531
3514
343
3703
8290
4771
3926
6214
9540
7813
9164
8976
6512
3438
4517
533
6020
4951
8042
6299
1860
9683
9989
265
4157
6317
11
4100
8629
9533
7050
9254
1831
6371
8900
4605
419
6407
1324
3840
8889
4744
1078
958
2378
1838
161
9285
3656
9886
6922
3173
2598
3296
1727
464
6937
3732
2993
6275
5063
4294
4200
8329
587
3800
8372
8569
5125
4350
1894
4617
3675
9705
9484
9808
5221
5642
6251
50
7130
6132
2472
5454
152
1357
2649
4979
1486
7760
1326
6655
4060
6252
5405
2809
951
7562
7727
2514
3330
3468
4338
5862
9219
6035
8474
5923
4705
9863
8659
9730
2121
6676
4927
363
8394
6278
6802
3166
7148
2544
7264
9168
6394
3505
871
8213
7931
9679
3988
7583
7446
6734
4219
3270
543
564
6579
5292
1534
8475
8586
6567
7218
3614
8044
2929
4249
4931
8128
9864
5012
8854
5426
3694
6219
4783
5740
5069
1633
223
7184
8761
2632
1753
7919
1063
1931
4778
9170
5591
7092
6253
1044
3478
2039
5601
9576
4583
1736
3025
2529
7128
217
6980
3687
7738
4678
5362
3776
9166
5149
5168
8048
9444
2716
9777
921
1102
8884
4470
615
3295
7938
8062
3968
4823
1095
3530
2419
9294
6836
8233
1792
1525
8600
1611
9893
4633
5806
462
5646
7604
7929
6935
9359
6374
7051
6978
5960
935
6974
5045
8022
2268
7124
3069
4512
5623
4399
2077
6476
3615
3965
8623
8405
9667
7640
8521
4549
5143
9125
7569
3598
2647
8352
45
3157
2601
2134
6008
7808
5801
4856
6258
9338
512
6804
4107
211
6331
8554
3292
4341
9723
2201
2388
5885
8205
2901
9923
2427
5039
8397
8677
1952
6533
2350
1502
8226
7241
7419
1131
6369
1527
9509
2667
8756
6348
1397
5696
2055
9467
6589
3241
9798
8366
5961
8920
5249
1978
6766
1495
126
4008
8403
1799
9363
7428
1436
5453
8842
9787
5955
9286
6428
7496
3997
1370
9291
2746
8485
4017
4054
7025
2696
5778
4742
6695
3312
8332
8532
8102
3500
9535
4826
8286
6039
5775
1404
8382
5824
715
2275
9017
1920
9319
1064
3307
6995
1018
7409
5795
9336
4316
6273
8492
224
6257
4327
4112
7266
1958
9332
5585
7673
5329
6807
4214
8434
5558
1323
7680
3740
4323
7332
9601
4419
903
9615
4345
2074
8469
599
8579
7201
2399
9510
6677
8765
2148
3843
5687
4897
6528
7032
3265
8501
6588
1734
5703
7646
688
2779
6953
4016
5607
8878
9613
1107
3155
9268
9855
6777
1608
550
3501
14
4751
8989
4087
7078
5594
2991
8130
2042
4276
111
5081
8115
2709
1610
8428
9457
8967
9564
4525
9688
103
9252
2920
4159
2241
4022
944
2389
627
3998
1741
4859
8230
1595
3758
313
4878
4109
8531
5975
4141
9028
6087
4332
2150
218
6666
850
3335
1445
9323
3723
5371
7585
8588
9195
8184
6912
5264
1007
5625
2597
2899
1183
6329
7070
6118
6341
9762
5491
2948
5343
1985
934
3748
5497
1455
2452
6738
5909
573
3099
2210
6653
1168
9047
5018
7253
4588
8032
1789
5319
4030
6513
508
496
9662
937
8212
7817
6047
2745
3291
3587
9371
1759
6145
4465
4708
8612
7653
1613
5739
1791
7984
3537
8309
3119
5953
7709
6153
6449
9920
3531
9220
7512
5934
8313
6396
2559
9311
4300
7900
9136
8315
8013
2570
9582
7432
4610
4999
8801
3793
492
3117
3290
5472
5674
2297
1818
3143
4692
7380
2443
4750
9095
9140
2354
8318
416
9277
6271
1169
987
884
4804
7708
9407
4881
7589
1281
7777
3429
8948
9701
6486
8960
7211
8192
2625
6597
1355
1430
518
259
429
6031
4257
2689
9694
2484
8433
6680
4910
4462
3888
6818
7515
7956
433
3905
4695
8350
1867
7792
7513
9659
7065
5283
7144
6723
1079
3911
5493
5551
6907
7955
6230
5031
5469
6881
1709
9634
5355
5011
8004
4952
1153
4496
3187
8933
5958
9368
9477
1657
8727
2365
8769
7828
3502
4648
722
9796
7595
1247
9969
4172
9699
283
6851
5318
7539
3394
3476
5828
6049
4663
6410
4655
6858
1023
6961
333
2474
3503
7305
5846
5849
3469
2162
8333
9436
2225
5099
4136
2757
6108
3269
6566
4499
638
9435
3875
8073
5259
147
7228
9326
6107
6432
2943
6159
3013
6987
3635
3667
8280
8572
9267
6267
8789
1844
2884
8414
1977
7071
4634
3161
2686
3378
5232
5106
9211
4987
2865
6098
7764
4181
1343
4764
1151
2075
9896
8098
7289
8505
4821
2372
594
5854
8608
6857
2417
5455
6920
1138
336
9887
3322
7403
80
5765
6921
5061
2829
5707
4930
1006
7790
6217
1617
5657
1925
8258
4339
1410
3185
8364
6769
8316
1845
8354
7829
7441
3678
969
5363
6969
7351
3414
9882
2200
9239
5056
6493
3857
5367
8254
8247
6950
2401
1476
5847
8259
1213
6749
1336
5395
2972
3682
9973
1291
9483
8574
2541
7152
9181
9937
6616
844
893
5055
9646
7143
3049
5166
5810
5529
8693
7158
2739
3105
9501
8650
835
3913
853
2677
2574
3735
8277
1009
6852
3630
491
4853
1256
8977
7457
849
3160
5316
7937
1726
1994
2664
1285
146
5369
3861
2503
2825
2816
1569
9846
6453
1210
3521
2272
812
3918
4154
4766
763
9163
9817
8081
9243
3326
9227
3964
541
5060
5852
6174
1112
5498
3778
8015
5105
863
1316
9075
2005
4722
4397
9550
2377
7978
9442
7928
1654
9445
5289
9797
2652
536
4185
4090
6691
4445
6113
6268
7966
953
2741
1533
9689
7369
5384
5799
1848
9606
7780
7418
1264
9372
3529
209
5980
1005
5447
3524
6539
2733
365
3600
8547
226
7427
3650
7107
8613
1186
6295
9715
3170
9666
9628
7614
6502
2113
9587
5252
2619
1236
182
9409
9706
2964
1812
6648
9834
8301
7599
2149
5272
8443
1743
6201
4414
4596
7494
7236
1607
164
6948
6422
2860
7994
398
356
2615
3699
3755
5993
931
5490
4675
3226
2800
9645
1053
8353
431
4420
5513
1380
6138
9337
5749
6125
2101
9763
5719
5540
5855
2913
4896
4447
6007
8735
5402
6296
5950
3110
2453
6744
2468
3474
857
6902
51
2706
2623
121
4943
3961
9511
4997
2808
7325
1266
9429
8932
8450
6793
8991
9502
3493
2124
4301
9669
4460
6444
2187
3684
9556
3398
3689
3115
1384
2690
8481
5225
6207
4732
8426
8037
9574
5006
7714
6171
8594
4291
852
7874
2170
5807
943
7450
2115
3573
2630
5713
1449
6379
1820
2143
9203
9749
2793
6389
7061
1589
8561
9742
2188
3029
4234
1568
2679
7019
1786
5728
8273
2118
9119
6537
1484
8808
8123
3470
9198
4830
8125
6673
3027
6934
6636
19
1309
9422
9137
4407
4908
9217
5374
1356
4913
9485
9226
6984
8689
1519
9289
260
8063
8816
875
1426
7550
1854
3712
9963
9098
2968
418
5227
1913
3762
2549
9531
2211
2666
3995
3199
8211
5510
9466
6140
9964
7560
5345
7064
654
4688
6959
6148
1575
2026
2957
6643
4270
3938
350
6835
740
7977
1196
7731
5486
8219
6515
3825
1749
6638
649
8080
61
5138
758
9841
9780
319
3504
5569
3091
7259
5710
3172
9811
1070
7964
2934
6865
2837
2103
5309
4183
4623
9451
434
5962
5716
4263
3228
1423
4602
2289
1424
5669
783
9809
65
2882
2260
1765
1202
9423
9347
2414
6234
776
6425
6550
6115
4083
7665
9569
4615
9673
7079
8384
4498
2614
9360
1097
376
9700
4418
4961
7582
8057
6748
6037
4907
6210
2404
8269
2415
2052
5905
1853
2436
2373
4239
2848
9165
7377
6340
4553
4469
3653
456
5079
5895
7960
7111
8131
9208
5008
5423
3106
5752
4745
1182
6172
4268
3079
9950
6731
7378
4942
7435
727
1673
5766
2600
4967
3562
3695
4911
1778
1536
2922
1827
7046
4971
8865
4308
3064
5944
7642
5159
201
6796
9297
9492
5574
6741
4256
9547
98
6683
8644
5788
4457
1087
5238
2918
4560
1907
4620
9559
7009
2983
1565
6051
4023
4063
1770
4776
1489
5928
7835
7277
542
4352
6465
3595
4734
4798
4221
8564
651
5376
8090
8805
6834
6330
7763
4411
9698
3001
2220
5255
8223
8132
5595
1447
5241
9498
279
2718
657
7527
1902
2938
1432
5939
7324
7062
643
8367
1642
5183
2784
3300
8935
1067
2338
4273
5809
5929
9521
8814
3508
504
8402
7531
832
6316
4371
6739
6247
9820
2163
88
1031
4237
3285
4543
9425
610
6923
9955
5548
8308
3987
8187
8377
7787
757
9434
5611
9354
7636
6831
3777
2041
1937
5758
9452
5994
7464
4422
1683
603
959
2760
4530
2173
8791
4215
5216
7784
3434
9340
3218
4576
1924
1478
8993
5504
2482
589
5401
2992
7558
663
3570
9881
236
7112
2063
6417
5026
9023
3880
7914
1035
6582
6400
9779
528
5697
7600
4545
9657
4442
22
7624
704
4777
3674
8006
6606
183
1329
1113
879
9743
481
2802
9461
5
7983
8806
6334
9000
5413
8957
8432
5123
4877
9265
6015
7364
1807
9794
5392
5578
3897
3563
9932
5107
3827
8792
5908
7303
4863
5158
1784
9366
1346
361
9554
9033
1244
9080
4621
2571
3956
2970
6553
4386
1954
6216
1145
988
5624
1557
8908
6625
1855
1556
1639
1618
3230
8643
9497
9755
3305
2588
2053
8942
778
642
6615
3448
577
4729
9389
9968
6559
2648
7878
4786
1986
9099
9904
2522
3518
1944
5550
3525
1425
309
8815
1646
5652
9369
5048
2927
8867
700
1651
7470
4502
5383
1872
8094
8091
3062
3083
330
122
7216
3171
9133
7338
3022
1748
7192
874
3972
4252
8409
8458
725
1615
8566
1554
2228
5020
3601
5484
4949
4841
1218
4817
2533
2383
3542
5197
5200
5704
6160
174
6698
8759
8687
3999
389
1278
4628
3389
6010
6467
5054
5085
7367
9693
7606
5742
4890
9144
8075
3806
8893
9918
2821
9066
9022
6355
5212
4129
9448
8087
8493
4735
7991
3557
5404
1296
4665
3034
9707
6814
4027
2869
1320
7243
9260
338
864
8949
198
5204
7250
7923
7154
6630
8462
5998
2412
2408
4285
7814
2583
5041
4506
203
2151
6344
8504
7194
1609
2952
1542
8453
3932
2031
3196
7885
991
7612
3334
6315
707
9272
1429
664
8617
1754
2270
4625
4811
1342
6312
4164
7820
5668
3556
3785
1440
4618
5618
6434
1191
5276
8852
6764
2123
2547
3273
1335
6019
2438
6714
9486
2994
6255
7187
2112
4844
755
6413
6323
8640
15
9928
5977
4554
6508
4895
7522
2516
6878
7910
6154
7796
3636
8825
5560
9732
79
8615
7330
1158
3767
2851
5342
6716
120
5744
5122
1828
7908
8371
437
4664
56
8685
3355
6644
5978
4251
4356
2480
6940
2790
4161
6730
9518
741
9994
3775
8189
7992
5777
7349
1688
432
7590
7258
8261
6270
4238
8093
3841
3736
9180
7529
7066
7480
1745
4861
1663
8348
3346
1843
3388
6781
9153
3205
5956
5142
6123
6248
8113
1738
6122
5877
2392
9446
3613
8351
2724
1498
3810
4702
551
8052
7318
6705
3370
5110
4774
8447
2924
3387
6635
9460
6229
9901
2985
2926
6061
5132
7397
8326
8752
4956
2496
8118
483
2376
6583
9431
7993
8605
479
6245
8206
1443
5461
2091
795
8338
2025
6751
2174
3855
6461
1967
5101
212
2925
9295
7067
3978
7655
6280
1026
355
6356
571
1696
8770
5476
9281
1703
5277
5169
8279
6241
3154
8400
7302
RERUN OPTIONS

 
Edit Settings

Min Number


Max Number


Quantity


 Duplicates

RERUN

Random Number Generator (RNG)

Its the core of all randomness. Pick a number or generate a whole sequence of numbers within a minimum and maximum value (inclusive) while including or suppress duplicates. Your device is used to quickly generate these numbers, completely random and unique to you everytime.

You can switch the presentation to roll some dice instead. Or change gears completely with the phone number generator or random letter generator.

Home
FAQ
Privacy Policy
Contact
Randomize your custom list
Sitemap
This site is offered as is to those who visit it. We make no guarantees regarding its services. Just enjoy yourself.


  

 